created_utc
1484849238
1484849816
1480537530
1485193992
1481294752
1486132107
1459977690
1480000000
1484954276
1478702043
1481066641
1479065767
1479065767
1484848288
1480537686
1488144945
1480000000
1478125543
1480000000
1480729377
1480729377
1480000000
1478557486
1486675583
1479243817
1486757169
1481139457
1486603976
1484850384
1480000000
1483628467
1488557556
1478541206
1478006371
1478721665
1488557935
1478299074
1478558571
1478436275
1478436275
1480000000
1480153350
1484863028
1489513907
1478527335
1486403507
1480530109
1478605518
1480863237
1486052257
1481026799
1490000000
1486495472
1478659642
1470000000
1468445600
1486406700
1480000000
1479298670
1490612868
1480000000
1479500829
1480557854
1486494289
1484441575
1490000000
1485777193
1486987340
1487887343
1488916116
1485051858
1487392843
1490000000
1487087870
1486473213
1490000000
1500000000
1495383369
1490000000
1485517820
1488563738
1493829145
1488689244
1494390527
1470797313
1494414684
1480967533
1480000000
1481457120
1476725030
1476725030
1480000000
1480000000
1480289800
1500000000
1495751043
1488902896
1485360299
1486122694
1492518069
1486557801
1488370671
1496836415
1485696853
1498517112
1480000000
1480176908
1479010563
1500000000
1496939076
1499386069
1490000000
1486478510
1488895694
1496924274
1480000000
1484154664
1485716986
1477569495
1500000000
1481223545
1497457008
1488454644
1485634176
1482792594
1495547653
1480000000
1479574408
1483626725
1480000000
1479150712
1497277448
1490000000
1484687249
1490000000
1485909687
1486043675
1470000000
1490000000
1486745393
1490995495
1489663572
1484794563
1489094771
1489094771
1487510779
1480664720
1461690594
1483969005
1492522616
1496140865
1480000000
1478644074
1480000000
1481059781
1487979968
1480000000
1490000000
1486916839
1487636031
1490000000
1490000000
1488484017
1483623735
1483623735
1488628503
1488484017
1490000000
1485953346
1486387960
1490000000
1488579810
1486605722
1478033089
1495893394
1484933943
1480000000
1480770297
1495633342
1487593890
1487263345
1480000000
1479133859
1479133859
1490994109
1490994109
1487259001
1480000000
1478562180
1486469163
1480087315
1490000000
1497444623
1481482044
1480000000
1484825451
1490093150
1477678612
1480801845
1478283977
1478878769
1478878769
1486659560
1480000000
1480120687
1469474846
1480000000
1476800129
1496413445
1480000000
1478421148
1476800129
1487270906
1482788244
1490000000
1485728925
1477928312
1487775199
1478822512
1488496000
1500000000
1498128123
1487567848
1494062602
1489405534
1486572467
1488396847
1478471891
1490000000
1486215535
1485625427
1490000000
1493752041
1487529702
1490000000
1485177436
1478643231
1478643231
1490000000
1490000000
1490268912
1500630341
1500000000
1495373798
1488633291
1487025431
1480191076
1488463052
1480991562
1489611905
1480000000
1478276257
1494964023
1498017021
1500000000
1496087230
1486764619
1486598533
1482337001
1480000000
1481282959
1479143897
1496346224
1486587938
1497169669
1500000000
1499099339
1487675678
1493060810
1490000000
1486508603
1488470555
1478426771
1481038186
1487027985
1490000000
1490390751
1480000000
1478267695
1486827600
1500000000
1496672652
1492128165
1480774726
1480982683
1480000000
1481026885
1477833191
1479220904
1479220904
1490000000
1487299769
1461435727
1480620651
1497444221
1480000000
1490753932
1485726649
1480000000
1478616265
1480000000
1490000000
1490000000
1485887325
1500000000
1497726927
1489432327
1476802268
1479134765
1491918982
1490392397
1485900000
1490000000
1485522578
1485347360
1489583615
1485003789
1487074269
1482106075
1498920198
1500000000
1499725975
1499261694
1482080214
1487886718
1490000000
1478666484
1480652602
1490612151
1486125025
1490000000
1488578073
1480000000
1479333868
1485896010
1484138954
1500000000
1495542819
1470000000
1486760625
1476629234
1494074660
1490000000
1487292685
1476555076
1480730389
1480000000
1480730389
1477920085
1480000000
1481895574
1489714829
1487258023
1480000000
1478380745
1497293191
1490000000
1487171243
1497392156
1485446148
1494384249
1461504299
1478792568
1497610762
1490000000
1480911959
1484142688
1500000000
1490000000
1490703628
1486641515
1479245181
1486992869
1494392021
1477236959
1480000000
1484154788
1478013046
1480000000
1483810593
1488491747
1485754090
1485694974
1489697964
1487866814
1486090462
1496696034
1480000000
1479400937
1482622882
1491912103
1492863959
1500000000
1497465191
1478176052
1486232520
1500000000
1495021512
1489175820
1487469827
1494366668
1489149237
1486047627
1490000000
1488721508
1496594381
1469636183
1497788862
1487433201
1490784606
1490784606
1490000000
1476929263
1481738160
1485779086
1490000000
1488410555
1484657485
1485996476
1492442506
1497960893
1487506490
1486247137
1480341766
1479563551
1480000000
1484755160
1483110479
1492782603
1478016847
1484399332
1487590974
1485368253
1490000000
1490808414
1493835448
1487986950
1487254286
1484406177
1497540571
1493207833
1500000000
1497540571
1490581118
1493207833
1490000000
1491871795
1485519956
1490000000
1487023995
1500000000
1495531756
1485697395
1488857189
1480095148
1485355881
1488857189
1489100963
1486947216
1495810842
1481109847
1491477586
1490000000
1491256290
1493835186
1483884373
1479731728
1481145098
1476643542
1486691971
1480000000
1476809629
1489322941
1476299758
1490000000
1487593957
1495327303
1495199212
1498827404
1485951624
1491311603
1497473856
1476441159
1498822196
1497918829
1483032455
1477829756
1478358786
1500000000
1499867910
1488844170
1490000000
1478664825
1483449977
1500000000
1498099285
1493059636
1479127470
1499779177
1490000000
1489095975
1481373551
1490000000
1491997861
1493031655
1480000000
1477958784
1476958352
1477951874
1490000000
1490134312
1490000000
1493601449
1489486064
1486729728
1481196756
1474546172
1480959205
1487722452
1485058414
1500918465
1477245388
1490000000
1500000000
1497369033
1478707183
1493565429
1496361597
1494974836
1490000000
1489147418
1480000000
1481156655
1485544854
1476130178
1489508117
1479946171
1497658533
1490000000
1492094669
1489576627
1482199724
1487084300
1495628283
1495814324
1489544407
1478006451
1488749984
1497697331
1486806955
1497697331
1490000000
1488644121
1480000000
1481296343
1480000000
1480888133
1500000000
1499426805
1481809237
1492000074
1490000000
1493902075
1480000000
1476239337
1475615018
1475615018
1490000000
1485257470
1485718924
1495127730
1494074963
1494209555
1488897124
1487088562
1492348683
1490000000
1486615648
1488953190
1477066177
1490787640
1480000000
1481806264
1481542103
1479089699
1488336485
1500025637
1488025613
1488025613
1482153649
1499725141
1490000000
1487103182
1480892842
1461592260
1490000000
1480892842
1486297303
1485201906
1461592260
1490734399
1499080285
1488456404
1490000000
1493291543
1488456404
1479952055
1500000000
1498827358
1496486672
1484861685
1500486868
1486125038
1497729666
1488572735
1480000000
1491675731
1490000000
1490815112
1490000000
1489212021
1486684952
1481892078
1480552625
1480552625
1480000000
1482461460
1482461460
1500000000
1498479453
1492806223
1486427381
1489175216
1492170577
1479607212
1488478655
1493337490
1496523491
1478205848
1490000000
1480733724
1490000000
1492172473
1479594317
1500000000
1500000000
1496118329
1490449344
1500000000
1495812493
1496233798
1484910818
1487794493
1480810398
1480000000
1500000000
1497827017
1499475940
1500000000
1497827017
1487366933
1490450888
1480867601
1490000000
1486572574
1480820633
1480820633
1487028810
1500514905
1490267305
1478554754
1495800878
1496319206
1483379139
1484520067
1485779022
1500000000
1498342749
1480674701
1485397596
1495228193
1469272920
1490000000
1494856782
1486555441
1490000000
1487417822
1477405619
1495557856
1477405619
1479717235
1493852959
1497194405
1480000000
1495460466
1490000000
1487157349
1489248951
1490000000
1490004865
1495709599
1489417580
1485564547
1489235104
1490000000
1493826949
1476895716
1481204486
1490032798
1486553271
1490000000
1488372124
1500308728
1479628314
1479509903
1488399467
1479504143
1483623447
1478775887
1498220788
1481490520
1480000000
1481368055
1479421230
1497195948
1488056924
1495200952
1483878934
1490000000
1500000000
1485257652
1495171994
1476279058
1497810677
1484878135
1480697243
1493114307
1482091756
1497874409
1488763799
1480000000
1482438918
1497381991
1490000000
1485171176
1486261902
1480000000
1477346457
1484068376
1492628589
1490708910
1481705336
1473608026
1489518725
1485182726
1480000000
1495213310
1481495804
1500000000
1475078449
1491697232
1480725800
1477618477
1480251846
1482412470
1500000000
1500286120
1480000000
1500000000
1498303207
1480000000
1490609588
1496786625
1480000000
1477828834
1490000000
1486048685
1499553051
1486941652
1500000000
1499004034
1487528819
1489156042
1489156042
1500000000
1496171238
1489134552
1490000000
1488051541
1480000000
1482869968
1482597295
1478884908
1486329762
1498334911
1492768376
1496530788
1487375695
1480000000
1495047907
1491510668
1484970972
1487631219
1493042561
1488222699
1488227429
1492813671
1490664985
1489148804
1491388916
1495820124
1500000000
1498141029
1476279651
1495384126
1495191626
1493405615
1481846471
1479322162
1483368084
1487945505
1492632978
1482442478
1500000000
1500207255
1480000000
1477595759
1496262372
1485467195
1493073510
1490212522
1465247451
1500000000
1499637793
1490595385
1490481499
1483623995
1482329390
1490958360
1482794187
1485294452
1490000000
1480000000
1479089026
1488461840
1486636487
1476193349
1495728893
1490000000
1485260031
1478992718
1474813929
1490000000
1488847632
1480000000
1481809959
1478001901
1481070229
1494849828
1489013990
1477436155
1478103056
1500000000
1479928713
1490000000
1493648668
1489660319
1500000000
1500474114
1476049989
1488844599
1490000000
1493002030
1479489068
1500000000
1480000000
1499363097
1490000000
1493203212
1489601135
1477231309
1478583033
1489350312
1490000000
1482334730
1497897735
1484593244
1476970949
1493839674
1499558190
1480000000
1479434592
1480000000
1493771917
1464747863
1495644798
1476159084
1486522282
1498963925
1480000000
1477493463
1491046207
1497796405
1485628060
1488111356
1486137977
1490000000
1491396572
1481349040
1475501592
1490314737
1481728214
1498949047
1494071969
1480000000
1482204329
1485428684
1478635182
1485475319
1500571143
1489327383
1480000000
1482235076
1494855005
1476633302
1494462061
1478493545
1485956140
1493983471
1500000000
1498640114
1474902493
1469502413
1490000000
1478704124
1478371564
1475586855
1489363901
1480000000
1478717316
1500000000
1491573459
1486554665
1477138865
1494786361
1477786723
1477786723
1492592425
1480000000
1480174410
1490000000
1486869535
1486942284
1490673845
1492744293
1489577149
1473350936
1495796369
1490000000
1488716955
1489577149
1476567195
1480000000
1479155751
1490000000
1494856524
1465732448
1484141313
1478909327
1484476861
1490000000
1487073425
1496877624
1489586365
1480943347
1490000000
1500242476
1500000000
1498392205
1498927755
1481629164
1470671354
1460000000
1461714068
1499175984
1483834907
1480000000
1484569873
1492886799
1484217906
1490000000
1487773394
1486557782
1480000000
1496743982
1490000000
1490029493
1484137203
1478513909
1494863323
1484629205
1480000000
1496231461
1480298187
1485182811
1490000000
1480000000
1491999751
1481550327
1490902769
1500000000
1496658308
1490000000
1487332534
1483442827
1487332534
1489452336
1480899668
1476216321
1490000000
1488801979
1495758119
1499634009
1498704033
1480000000
1481546642
1500294746
1487294034
1479820273
1500000000
1490000000
1489492542
1492117252
1490000000
1497310565
1496005110
1477307556
1487213821
1490394295
1492117252
1490000000
1492563360
1488462709
1486143530
1480172325
1496345690
1489150993
1480649567
1500000000
1488850557
1490000000
1494421558
1480290138
1494961924
1490000000
1496316271
1500232683
1463392905
1490718158
1494553180
1486563278
1461860862
1479902564
1480000000
1475260937
1498775567
1475939102
1476655910
1476846951
1487936571
1490000000
1494873566
1479858947
1479824665
1480000000
1476985457
1480000000
1478559767
1486180712
1475349959
1477211284
1500000000
1498131462
1484085910
1481472094
1462975486
1490453091
1485789302
1489404071
1497841400
1499608335
1500000000
1499513545
1470073495
1468867065
1481808581
1477048842
1479950411
1490346198
1470510838
1477409214
1477409214
1494245083
1497286254
1480000000
1476550170
1500604408
1478433298
1491313557
1484108784
1500000000
1494024069
1470000000
1465788351
1480000000
1480723045
1485193958
1484319098
1489924706
1476534221
1480000000
1481511328
1477582082
1498841929
1500112630
1482407583
1478775770
1476024083
1480420769
1482752586
1473866339
1491746087
1496224891
1490000000
1491689634
1465862687
1480000000
1499073201
1479478957
1484308352
1490000000
1487389139
1488804360
1486518404
1500000000
1495892092
1488768151
1481992094
1489153656
1489624272
1490000000
1489524323
1477846924
1489153046
1480000000
1477440483
1492079472
1475956952
1480000000
1494584630
1487853988
1497179432
1487562362
1490750552
1490000000
1480901231
1474222990
1476285245
1478171322
1500000000
1499797964
1483446698
1490615433
1486201041
1490000000
1491337215
1496267269
1498081879
1491623060
1479646416
1496158822
1484905701
1500000000
1498254458
1476272493
1500000000
1500290240
1490000000
1485793025
1500128029
1500000000
1495527694
1490146246
1480000000
1476328156
1476992232
1497409259
1484537371
1487966738
1477261297
1480000000
1480367552
1480000000
1490000000
1486905804
1475685478
1498756272
1484147675
1465095745
1489107554
1477749913
1500000000
1492605717
1495892860
1489533412
1482510341
1480000000
1475142525
1496428630
1480000000
1490000000
1491242008
1490000000
1480000000
1479741032
1480000000
1490000000
1490291254
1478170426
1488932171
1486580834
1480738371
1490000000
1487767518
1500000000
1498053672
1480000000
1475501864
1480000000
1476890500
1500332535
1475199607
1500000000
1491850940
1495969419
1499597988
1479611696
1500000000
1498147490
1492693270
1478549593
1490000000
1491098887
1490000000
1500000000
1497281403
1493052504
1498556272
1477170635
1489699011
1477394695
1497363262
1496001652
1488419621
1488556866
1495186005
1490182042
1478124835
1479423563
1490000000
1491274666
1498853303
1477908018
1491081537
1477017589
1486430932
1496430767
1489768195
1487341391
1473621695
1480000000
1479210001
1490000000
1494232629
1493055917
1477706321
1490000000
1487196447
1492599926
1498322521
1488813271
1484829412
1498190003
1486208958
1462466963
1477501362
1500000000
1498911743
1494266494
1480000000
1476571822
1500000000
1498319583
1490000000
1470000000
1472675651
1470000000
1473718962
1500000000
1495142557
1474899003
1480145856
1476785850
1480000000
1476785850
1483231503
1495653677
1489595256
1500137873
1490000000
1493338686
1480166853
1488654111
1487072845
1488216005
1497698635
1480000000
1476529419
1487161750
1490000000
1494344441
1480000000
1486251483
1499767049
1493625893
1486469043
1496888417
1476322572
1480000000
1480968345
1497915041
1479688804
1500000000
1477389122
1500052545
1473362415
1485932290
1479614016
1488850009
1490000000
1498571678
1495362345
1478288269
1500000000
1498571678
1495362345
1480000000
1482972601
1479122969
1490000000
1486774827
1479750818
1469551722
1500000000
1478212645
1479767353
1482946440
1479840927
1480765797
1479939315
1480534558
1470000000
1490007844
1479229365
1476113756
1486049409
1487217101
1483456162
1464874127
1500000000
1499466740
1470000000
1466455907
1486611543
1477389815
1483842548
1499006254
1480000000
1480248873
1475170336
1490000000
1489486651
1492064835
1484329813
1480000000
1483188436
1490000000
1492590891
1496490616
1459306799
1490000000
1494106740
1484702579
1490000000
1470000000
1487122176
1474938917
1494438056
1496744736
1493002420
1470229289
1478487831
1485314390
1490000000
1488168572
1500000000
1496874721
1480000000
1490000000
1500410056
1480000000
1470000000
1465741998
1479334865
1489112084
1490000000
1490286974
1492533798
1477165685
1500000000
1484307799
1485600884
1480000000
1481590837
1500000000
1497320525
1483954625
1488384255
1499706503
1474813551
1478136014
1475851666
1484933780
1484436272
1500000000
1497388735
1496175294
1489624500
1486931968
1482839442
1500000000
1495796628
1478617479
1475327826
1479074316
1492899029
1476529892
1480000000
1480505371
1497654505
1497201426
1480000000
1490000000
1491993430
1484486704
1474853342
1480000000
1462361516
1471646943
1479585630
1499034517
1470081915
1481323943
1499625980
1500000000
1500037369
1490000000
1487978029
1476135141
1477692346
1475520389
1486523967
1500000000
1497040347
1496347434
1494274070
1487598565
1485439948
1480000000
1476446952
1479729330
1490000000
1491298608
1497094394
1480000000
1476191279
1480000000
1479299354
1490663460
1479062531
1480000000
1480000000
1478172646
1495900319
1488574551
1476558393
1488417771
1483263690
1483263690
1490000000
1492906407
1483560496
1491437485
1486991154
1495161882
1493417164
1492228531
1480000000
1470000000
1483560496
1470932388
1456754078
1478145404
1477580054
1477428446
1464736681
1495028248
1499102527
1473760365
1470000000
1474755112
1467390567
1462822581
1477538698
1470000000
1482116622
1476120332
1482116622
1480000000
1490387770
1490000000
1491918048
1496485460
1498225326
1475065791
1498082153
1482934939
1499770790
1500000000
1485528969
1491567912
1490000000
1479058625
1484167565
1479264394
1490000000
1494623697
1486485867
1463161053
1470000000
1470746801
1490000000
1494631449
1497202885
1468307328
1486321294
1484439800
1481893355
1492997402
1474837718
1480000000
1479413702
1479643913
1479413702
1487430153
1477136418
1480000000
1482743169
1478597353
1500000000
1495887721
1479848871
1496536678
1492049271
1475412679
1487991588
1483726626
1480418410
1477465039
1478644864
1477736279
1483047622
1470618059
1477244650
1492769751
1470000000
1466123589
1488918630
1478918391
1478847564
1478538571
1460326389
1493174527
1476284804
1475078837
1475444954
1496013735
1477568634
1494089284
1490318390
1476451390
1480497362
1475072163
1475072163
1480000000
1477277672
1477277672
1486738655
1476632455
1476583115
1492348454
1476211447
1476631023
1465377088
1479291705
1473634918
1492131271
1488942929
1497918920
1500000000
1500000000
1495110124
1487591330
1486091580
1484100017
1487815846
1498902045
1491784712
1484508309
1500000000
1480000000
1482524153
1498019671
1500344476
1497139320
1484098321
1490000000
1494672766
1496059851
1478562303
1479398692
1492942605
1480545389
1471208757
1475601127
1476472121
1488548268
1498921038
1483996214
1490000000
1478171549
1474247095
1472815252
1483701495
1499786600
1480024470
1480000000
1480000000
1476611659
1475635097
1477016830
1471271966
1496138704
1478572746
1485961474
1478572746
1482073583
1479523277
1487945703
1474050835
1483756118
1480000000
1477867585
1490000000
1480000000
1485881047
1476576566
1486122660
1463244052
1463326757
1469533237
1473901306
1478816563
1472307935
1487389037
1476128076
1496656505
1500000000
1500463827
1496576744
1497011939
1487630458
1465957778
1489380030
1483814219
1480000000
1480214758
1476614489
1470000000
1471604548
1474488715
1485828018
1490000000
1490000000
1493135735
1488723195
1476288346
1499050672
1500000000
1497492555
1495656185
1487392671
1500579817
1491567521
1487392671
1474913146
1485277676
1473184465
1473184465
1495448371
1488526064
1475168534
1491760553
1490000000
1486071325
1495413648
1483104405
1485032280
1470000000
1466370692
1478782363
1486388233
1471217606
1479223874
1491181309
1487510490
1476091228
1477656171
1460000000
1461534732
1461534732
1487042875
1461534732
1483732546
1480000000
1484832852
1480422275
1495027421
1478176161
1474345158
1480000000
1476201890
1485376612
1494124555
1493680574
1496394588
1470000000
1471906528
1476442164
1483271668
1478083031
1466414379
1475840259
1480000000
1480847170
1466414379
1474239502
1480356067
1486297782
1483791612
1490016046
1497700884
1484302701
1489630589
1470000000
1470162004
1487336285
1468541312
1500000000
1496753710
1479093945
1489933777
1499516517
1499270508
1470000000
1490000000
1474730549
1485554987
1489069615
1478836854
1497430099
1492770335
1485296893
1480000000
1483121966
1479094863
1484400071
1480000000
1475638067
1472678766
1494724886
1485363485
1490000000
1479965412
1488499415
1489513794
1490000000
1493077443
1490000000
1486123968
1478433297
1481541538
1478433297
1490000000
1476204355
1476181981
1480053219
1476326217
1480000000
1476570456
1470000000
1500286220
1500286220
1492193256
1483408366
1472489944
1466167939
1486647216
1500000000
1490992423
1490000000
1491656416
1491765667
1491096630
1480308388
1463231153
1469805775
1480000000
1483527981
1497386984
1485524520
1496797812
1477650368
1494674188
1480588765
1478392763
1483251383
1500000000
1499855598
1470000000
1466878833
1495760486
1480395722
1483361017
1470000000
1474400522
1480000000
1475750017
1495739707
1499611523
1500000000
1495018454
1488538558
1500000000
1470000000
1473851093
1470000000
1473361979
1486734425
1460000000
1496229462
1460050178
1475167929
1468545164
1485567920
1475167929
1471434805
1469825446
1472658921
1490000000
1478060101
1500000000
1481610852
1483185502
1494011157
1491777404
1487948583
1475033303
1484740046
1472153450
1490000000
1487047233
1487047233
1472237315
1479058760
1490000000
1493518788
1479398458
1484823671
1480000000
1478954825
1496513309
1482542625
1475337145
1475497156
1480000000
1475601417
1471370949
1495729762
1488821860
1500000000
1470000000
1472317898
1460000000
1462639228
1492141158
1483880409
1490000000
1490216736
1500000000
1496133220
1493726898
1479165217
1478483564
1490000000
1494839643
1477811676
1479650908
1494093162
1484539546
1499295741
1470000000
1466771921
1494110864
1495378149
1491574191
1497541281
1500000000
1483493511
1488201349
1490000000
1477250243
1486121558
1487785399
1480000000
1478877118
1500000000
1499468637
1486557208
1478455833
1493824692
1490841510
1478021177
1490000000
1493673170
1500000000
1495549362
1495629216
1475196302
1470000000
1473347434
1490000000
1492084929
1478518574
1479293422
1487067255
1480000000
1479083565
1482243441
1491815483
1495024214
1488862554
1487643512
1495024214
1496101140
1470000000
1466512929
1493054059
1492693779
1482590676
1460000000
1464803488
1494317886
1482897716
1469223245
1470000000
1472156109
1494317886
1487484336
1477667804
1476672774
1490000000
1500000000
1487205827
1500366528
1485925738
1490000000
1478865832
1470000000
1460000000
1471518782
1459102133
1477091188
1462826047
1500000000
1496061626
1475652456
1496005681
1480000000
1483487343
1478371034
1481985896
1477479826
1477585411
1500000000
1498206418
1480000000
1490000000
1489620273
1486428774
1490000000
1492347706
1490000000
1486358076
1489539103
1489539103
1499701304
1498870603
1486358076
1466857104
1478434798
1500000000
1498870603
1492871639
1471788929
1497306883
1476236634
1491527390
1481899026
1470360047
1470000000
1471965531
1488552339
1494926645
1492047840
1470000000
1500000000
1493721147
1462345219
1483867020
1471792418
1497823429
1490000000
1473078640
1470000000
1473160370
1475593418
1499043392
1490000000
1493158124
1487171292
1500000000
1470000000
1474580390
1490000000
1499696256
1465222145
1490000000
1493974831
1485951950
1490000000
1480000000
1481911039
1480190525
1470000000
1470057317
1500000000
1490000000
1486172357
1480258797
1490000000
1493986899
1470000000
1471129331
1490000000
1488849704
1475664270
1500000000
1480603853
1481260772
1494415184
1485564752
1478257284
1500572643
1491626197
1490000000
1491626197
1490000000
1496701196
1498278790
1477835193
1470000000
1471435381
1473192567
1480000000
1478782813
1466634918
1460000000
1461989958
1480000000
1475979343
1475145815
1489584909
1478436742
1478436742
1478836626
1475402581
1466344762
1466107821
1473273838
1500000000
1497289087
1498270508
1490000000
1499861463
1500000000
1497627062
1494433850
1489065396
1479499254
1470932968
1491952426
1488088067
1490000000
1488088067
1480000000
1495200626
1487693712
1500000000
1499180906
1478670006
1470000000
1487182372
1470000000
1474609259
1484421724
1467290312
1480000000
1481378805
1470000000
1474323516
1478546528
1480266134
1480000000
1479425086
1478650484
1485961581
1498251845
1488466984
1470316646
1496274556
1482278264
1497974119
1484829713
1459545818
1471005564
1492630703
1475009465
1480000000
1491965095
1485709670
1477086223
1470830980
1487426828
1493435360
1478515689
1466445712
1462538544
1488374253
1476723515
1471134505
1464026649
1490000000
1493055397
1480000000
1484769330
1469300746
1477951555
1470000000
1485663904
1480000000
1494529454
1470000000
1473677025
1485998138
1480597021
1492013289
1490000000
1498967928
1470000000
1473487773
1491826035
1493984227
1487701242
1488558144
1480000000
1482548455
1487556182
1462886627
1498999538
1468789379
1486643970
1471869220
1487890141
1470000000
1465841235
1478788844
1460000000
1462968468
1500017171
1470000000
1471125586
1486343586
1485952651
1490000000
1485790529
1500017171
1500017171
1485694857
1470000000
1470901254
1490000000
1491097319
1490000000
1490635229
1490000000
1484335738
1480218167
1467374860
1487684463
1481103565
1497132472
1482011152
1482073462
1481581011
1460000000
1459885693
1490000000
1480000000
1479773150
1483487653
1474666902
1498840898
1490000000
1493153998
1499104396
1490000000
1494367822
1490000000
1500000000
1486194543
1467995380
1482499700
1500000000
1495795555
1470177363
1472688377
1479146346
1490000000
1493663929
1492039277
1470000000
1472903998
1500000000
1497829193
1477335957
1494937540
1500000000
1497741425
1490399903
1500000000
1487081845
1470000000
1487378202
1470000000
1467068001
1499539206
1490000000
1486006673
1500000000
1496161416
1480000000
1476316367
1479732078
1490000000
1490742054
1482434657
1500000000
1490000000
1487252451
1487252451
1470196844
1497307653
1487632767
1499775082
1480000000
1484541161
1465219944
1477803086
1500000000
1500168305
1486483228
1488289232
1486530528
1471601215
1480000000
1489411511
1500000000
1480000000
1475625628
1470000000
1471137558
1488245175
1490000000
1500000000
1496766114
1486730027
1480631511
1466529959
1480007514
1470000000
1470134486
1487002975
1483123264
1476879065
1476661496
1494423539
1474111061
1490000000
1489182006
1480554339
1489682637
1464048954
1489682637
1480000000
1476216985
1483469014
1482010831
1471202876
1473983874
1486031209
1480000000
1480000000
1477258626
1480865031
1471350322
1462734045
1476996593
1466019797
1479178876
1477903535
1480000000
1482609424
1489314365
1500000000
1496017702
1468430428
1499777005
1468430428
1477806069
1484100964
1484100964
1470000000
1473303976
1499725492
1480983747
1499725788
1470000000
1470751054
1475144966
1485723087
1484091895
1464968681
1480000000
1467554222
1470000000
1477106885
1467220115
1468323114
1482447103
1470000000
1466691275
1485864486
1460000000
1463339211
1492308163
1479125003
1490000000
1477779295
1487651672
1490000000
1477619581
1483658407
1498723698
1483803664
1470000000
1467044486
1476933926
1479768140
1462364127
1473349806
1472571549
1480000000
1480000000
1482405266
1470000000
1473274321
1500000000
1489092769
1492520338
1477587235
1467144616
1470000000
1470274923
1480000000
1480000000
1477786399
1479764172
1479764172
1478455887
1500000000
1495832386
1491424375
1474028886
1477434423
1470321176
1480690813
1480000000
1477575142
1495141143
1487390834
1495141143
1470000000
1470611400
1490452959
1465789386
1477406358
1460000000
1464291383
1477406358
1480000000
1482177681
1467114636
1482061135
1470000000
1466157384
1500000000
1475673627
1473977336
1470000000
1460000000
1463314085
1460000000
1460412383
1470000000
1486739764
1499902751
1472639260
1481432251
1490000000
1487346391
1481946027
1493899950
1492390324
1488407273
1470000000
1471137634
1495850778
1487681605
1493067267
1497573608
1500000000
1490000000
1485341887
1498127532
1488536608
1494644578
1472384164
1470085028
1465738778
1496059562
1486881503
1486881503
1487937270
1474683667
1480000000
1475367778
1490034520
1474808580
1464091421
1470000000
1499385666
1477654412
1477654412
1460989720
1496232551
1481306826
1470117691
1462405556
1493725862
1489834646
1477927689
1478927845
1490000000
1480000000
1470000000
1469814291
1499365621
1500000000
1499357793
1486790432
1481463417
1488566115
1460000000
1461818088
1470000000
1500000000
1473158210
1474561670
1495072219
1491488090
1464558845
1494249729
1493758243
1490497395
1485294915
1497626974
1480205412
1460000000
1477406741
1464184290
1490782549
1477406741
1460417401
1486682077
1458119962
1480000000
1482717521
1500000000
1480000000
1481150659
1470733944
1498140972
1470000000
1474318508
1480000000
1483824712
1490642708
1495161804
1474433487
1490000000
1481940828
1461935636
1495208999
1485208489
1477102611
1500000000
1500000000
1486293229
1488983932
1488936981
1500000000
1500325679
1471780062
1498874390
1494126610
1477964171
1470344018
1490000000
1491565617
1490000000
1464156870
1481710244
1476673850
1472962764
1481153323
1487065969
1487130598
1476673850
1479248101
1492880817
1497909943
1489278290
1490000000
1492836801
1491684139
1480000000
1485728682
1481289914
1480000000
1480649216
1477474835
1488204140
1490000000
1500000000
1477474835
1487870010
1465739281
1460000000
1459118445
1478036897
1500000000
1465135551
1490927058
1480000000
1481798144
1495070935
1495560840
1488470046
1492031661
1496867566
1489023429
1490599400
1461689582
1459350733
1470000000
1471238352
1494589308
1475469692
1478707868
1470000000
1473774509
1500000000
1497407947
1497407947
1471124179
1500161726
1480000000
1482854583
1498835608
1500000000
1460000000
1462623801
1490000000
1488805880
1489358251
1493833414
1486385714
1492568266
1487780511
1494259372
1490000000
1481883529
1491170597
1500000000
1496470557
1480000000
1495192325
1468753889
1480000000
1470000000
1487085063
1474565015
1481506241
1477588851
1491478372
1478392753
1485655537
1480000000
1482249277
1500000000
1489497158
1484999703
1490000000
1485655537
1494114206
1500000000
1487563909
1493224943
1480000000
1475232992
1462293774
1490000000
1480000000
1479752875
1480000000
1481640662
1490000000
1490381394
1466987946
1490000000
1480000000
1477052164
1488023626
1495887053
1500000000
1491924319
1478358834
1488341478
1480367967
1500000000
1496273013
1492923775
1491138703
1476690086
1490000000
1493121411
1470000000
1467196616
1494977115
1470000000
1469491970
1490000000
1470000000
1473416572
1480000000
1470837363
1485287646
1460000000
1460723760
1470886295
1464355420
1490882762
1490000000
1490671071
1496152328
1475220060
1490000000
1478745551
1459893058
1486645949
1500000000
1459893058
1475452276
1475452276
1492874547
1488814659
1474330264
1470000000
1467259697
1497615098
1495594409
1491105838
1460000000
1474984900
1491825049
1500000000
1490919187
1490000000
1484186106
1496189868
1500000000
1496717038
1490228799
1491913083
1460000000
1462279599
1498235102
1498235102
1460000000
1459702784
1478041219
1484025256
1480170214
1478919278
1498402964
1485817807
1491569613
1495889169
1480864907
1489288229
1490222469
1486344862
1487582122
1472170856
1483310453
1496162399
1488462003
1460000000
1460326418
1469331379
1500000000
1489757124
1489753132
1478495414
1472339198
1485996101
1494968059
1490000000
1460000000
1459731789
1458235824
1480000000
1477858046
1467026551
1479727579
1494000149
1470000000
1465146128
1492182118
1492609973
1500561868
1482503176
1495302402
1490740381
1491921505
1462300409
1476444140
1490000000
1500000000
1495798220
1470000000
1497817241
1477653325
1469634256
1490000000
1489795259
1486508709
1486508709
1500000000
1472305683
1474289542
1500000000
1500000000
1492054308
1500401184
1488576461
1490000000
1494673249
1500000000
1499529901
1472032029
1479930658
1494673249
1490000000
1485928651
1478818744
1490000000
1486411795
1499601602
1480000000
1493681475
1480000000
1476674279
1459227270
1474734567
1486611851
1494688195
1476876186
1460000000
1464629649
1480055948
1495020485
1491641718
1492382751
1492775560
1474430440
1468067049
1497522689
1461952203
1493671503
1492944131
1489244161
1500000000
1480000000
1490000000
1485881528
1476737410
1480000000
1483820794
1481433390
1480000000
1492948140
1465172212
1490807385
1461113362
1468018843
1468018843
1493690746
1500263435
1481732985
1486455223
1470000000
1478637377
1498573052
1478196126
1497554771
1493835119
1492347503
1475903370
1500000000
1472726462
1499465569
1470000000
1470385744
1489341788
1464412295
1491882705
1489681169
1459872330
1488851022
1491792227
1494770630
1485265744
1493637638
1489134935
1470000000
1470997828
1485979971
1479232084
1475947021
1490000000
1489875726
1485038108
1490000000
1489329669
1471108097
1494850910
1474455702
1500000000
1488562643
1460703612
1499855659
1497237817
1487336987
1477939101
1480683730
1470000000
1460396706
1460396706
1470666519
1494504104
1474460513
1490000000
1486484651
1468063108
1474974349
1466284647
1478615588
1477622573
1461074116
1473388633
1470000000
1498140683
1478483190
1462740366
1500000000
1480000000
1484825918
1478135283
1494252811
1485056985
1500000000
1475102349
1480000000
1473906219
1480420381
1470000000
1478635962
1467136420
1495709526
1480000000
1490811785
1480000000
1481643816
1493686500
1490000000
1493515141
1483615298
1500000000
1498046417
1500000000
1497574396
1487118089
1480000000
1490000000
1487174018
1495539018
1490000000
1493346941
1492444184
1500000000
1498496735
1499455410
1482883353
1480000000
1490000000
1493239748
1492038628
1485673034
1499376047
1483702357
1483414432
1494230646
1480000000
1496583126
1495990164
1500000000
1494533752
1492995574
1483999411
1492219057
1484230733
1470000000
1470000000
1465644118
1490000000
1478620863
1492219057
1460000000
1459188749
1475241052
1498483747
1488916676
1479949832
1490000000
1492192633
1478575609
1460248006
1492894037
1495980401
1490000000
1474218732
1486426696
1489222050
1463398604
1487864645
1485442700
1480000000
1479344976
1478284774
1461198197
1477442963
1500545298
1494467009
1477923549
1474902437
1489400232
1489674913
1478965672
1480000000
1500000000
1480000000
1478273781
1468492705
1480998028
1492433708
1481197217
1470000000
1484785005
1476425538
1478486246
1499651196
1497111117
1475770735
1490000000
1493940744
1460000000
1477331517
1482280330
1500000000
1458732290
1479276108
1474039525
1476503664
1500000000
1492268897
1491479919
1479330270
1461184550
1480545551
1459199055
1470000000
1495640053
1500000000
1497024603
1475550630
1472136319
1487658175
1493038150
1476880602
1496232047
1460000000
1460896410
1499180884
1488321804
1489479223
1486606742
1472332183
1470000000
1472272328
1464438603
1477320377
1494805938
1498479315
1460000000
1460000000
1460649911
1480000000
1492396741
1500000000
1490000000
1460000000
1484446360
1478472865
1459177936
1495795292
1494371257
1475957075
1500000000
1477042655
1477493159
1478308742
1490052796
1499603618
1496296443
1476619122
1496296443
1470605080
1480000000
1480000000
1493292152
1480000000
1490000000
1486177141
1480000000
1483317031
1489949899
1480000000
1474409265
1500000000
1486500347
1477432940
1500000000
1480000000
1477114450
1488078285
1460000000
1487784763
1490461266
1500000000
1479740336
1487994696
1496072445
1487552898
1485305573
1478997474
1500000000
1495167187
1457506933
1471191159
1480337034
1494168783
1500000000
1489529764
1481141800
1486919711
1483556630
1489928554
1490000000
1480000000
1480641635
1476641998
1487025794
1483541136
1500621331
1485224922
1480000000
1477224019
1459449227
1488372104
1464468310
1491504967
1479937474
1493988317
1480000000
1487096877
1469874832
1491312837
1491876615
1492821723
1486911398
1489595874
1480000000
1479400248
1470000000
1469562111
1490910379
1481871122
1492420862
1480000000
1490000000
1480000000
1480000000
1470000000
1492401133
1460000000
1461440315
1499101308
1496194636
1476018558
1472998415
1490952455
1485666093
1500000000
1478478689
1495473473
1496853192
1480000000
1483765707
1497546384
1478373481
1490373426
1490002606
1484663320
1494101959
1460000000
1457715449
1461776931
1487256313
1480000000
1500000000
1493039665
1470000000
1479878237
1500425033
1482269050
1496065637
1477681512
1489006955
1492736530
1490000000
1500000000
1499024696
1497232539
1469997106
1495980914
1469997106
1470000000
1497864330
1465131072
1478223138
1500000000
1499811507
1475595612
1492944494
1500000000
1500000000
1495604130
1480000000
1496240632
1459979294
1470000000
1469258924
1491407767
1486315978
1460000000
1456710107
1487391221
1478447347
1489238974
1490000000
1478959306
1500000000
1478892196
1467243435
1480617822
1495938598
1463495356
1499613050
1494132196
1460000000
1490496012
1490000000
1476152725
1495116133
1458071484
1490000000
1460000000
1456846715
1493559367
1481124017
1500000000
1471048320
1500000000
1481389840
1472258527
1460000000
1498483205
1476367903
1500000000
1484014374
1498182694
1479092863
1462923061
1483443996
1491401322
1487529608
1490000000
1478454072
1480271635
1476596523
1487350376
1499212642
1459328015
1500290950
1479021429
1482080236
1476663774
1500000000
1478608021
1496458154
1490000000
1490000000
1485708614
1487135091
1482243849
1490000000
1475704167
1476371402
1496590664
1469710642
1471169870
1485697579
1480000000
1479757334
1493639545
1501026323
1462935920
1477878218
1473083863
1490000000
1490000000
1470000000
1491235378
1466971276
1477242316
1470000000
1465919002
1494438399
1490000000
1499763938
1477579388
1461125979
1477923028
1477923028
1480000000
1490059785
1481475501
1489201193
1489201193
1500000000
1472311173
1484829224
1487391637
1477581483
1488136112
1494156554
1487112568
1497141996
1491313032
1487086691
1479518534
1460233588
1471868568
1493538304
1490423130
1496286293
1485393490
1498323770
1487024571
1490412645
1500978592
1465604932
1482969655
1463005866
1477522647
1472988982
1465525610
1499200052
1499200052
1476372209
1480000000
1492120045
1478550925
1479831771
1457578025
1490000000
1470000000
1468936956
1470000000
1477100002
1474045793
1480619043
1480000000
1479614083
1477408983
1489122726
1470000000
1489122726
1472094273
1474888603
1472140352
1479319318
1480000000
1490000000
1487251283
1462483096
1489593136
1487251283
1465161660
1480000000
1480856751
1469962628
1471124153
1478316916
1474129192
1482787423
1473088411
1469590413
1460000000
1459605240
1465075097
1477142355
1475412712
1500000000
1500056731
1463229786
1480690615
1470000000
1468692362
1493560380
1480000000
1491113881
1478847433
1478085733
1464966337
1480997001
1471533673
1482357046
1490000000
1490000000
1490000000
1473607120
1475928872
1490451732
1494034917
1500503991
1483287947
1465406458
1470000000
1489241390
1490000000
1484442896
1495539396
1490000000
1475121734
1487870883
1477339867
1499953734
1465272328
1481399325
1470000000
1460000000
1458566148
1490000000
1480092301
1500000000
1486846129
1480092301
1500247644
1476685415
1491185410
1499630876
1479138910
1500000000
1460836393
1483857067
1498148828
1489023273
1490584132
1486118008
1490306822
1499181753
1494356394
1490000000
1479964538
1465176163
1465176163
1476989326
1500000000
1493796007
1500000000
1500000000
1490000000
1500401439
1483829897
1489297944
1481330118
1477778413
1491137835
1473766532
1492442343
1486733866
1480000000
1463219578
1490000000
1480000000
1481964890
1491617616
1466527423
1469375117
1481220044
1485954094
1461389595
1497643862
1485322376
1500254448
1495549398
1470000000
1473079314
1482505087
1490000000
1497604614
1472582014
1500000000
1500000000
1498326312
1490000000
1464517431
1490000000
1491630936
1480000000
1470000000
1479621592
1485009082
1495649311
1495448032
1490000000
1486688220
1460000000
1457508898
1486386087
1500000000
1499870027
1476276967
1486062691
1462086667
1490000000
1500000000
1485055752
1490664997
1470000000
1500261265
1486857052
1480000000
1491955835
1488233334
1490198632
1480000000
1480517723
1470000000
1468454527
1459347859
1478143332
1495799113
1471058912
1495046631
1470000000
1465527169
1500339171
1494485589
1468625876
1481738084
1487330865
1492545977
1484512280
1480000000
1481310941
1489547853
1464461954
1496111226
1485179764
1460000000
1480000000
1489218419
1490000000
1497754447
1499856335
1500581104
1486530483
1494094402
1490000000
1474743249
1459774095
1489070495
1490000000
1485287760
1477367871
1482264686
1492180499
1476282198
1500000000
1497401985
1480000000
1464101761
1473206380
1476764665
1500122230
1496322884
1480000000
1487598855
1470000000
1461265486
1480000000
1500000000
1490000000
1460735724
1500229802
1476797718
1473900954
1479100311
1500335796
1479100311
1484480513
1488923048
1470000000
1467580029
1472932511
1499726594
1482863316
1460000000
1457238236
1491333087
1490568410
1489773416
1493825850
1480000000
1489141331
1490147810
1460325380
1485311214
1485311214
1484313958
1490000000
1496226984
1487305848
1470000000
1481945948
1476241551
1500000000
1489804198
1467457831
1473077116
1496418691
1477154425
1497438616
1469318235
1494601217
1489153609
1480000000
1471098198
1478829049
1489059900
1498004615
1490000000
1490000000
1494034020
1481555650
1497929952
1488819299
1469872187
1460000000
1466369579
1479226404
1488107491
1488211617
1486754310
1486491192
1498256413
1480935165
1490000000
1485799523
1470476715
1468134701
1490416865
1473991172
1500342262
1500000000
1500000000
1477574623
1495761042
1480000000
1460079660
1477629192
1494449596
1490000000
1464565416
1472601322
1469544580
1494870564
1489495717
1474901980
1490384641
1490000000
1500120032
1500000000
1490567894
1475499481
1477104151
1490000000
1471894577
1477104151
1477104151
1470000000
1460000000
1460000000
1500439477
1496252795
1467561753
1496218363
1493086328
1479518051
1479506782
1484503501
1490039105
1500000000
1498212866
1485431706
1480000000
1463357029
1500000000
1491458053
1499265289
1480000000
1484177845
1471434464
1482526459
1478236022
1496162021
1460651219
1492268169
1477053376
1485368036
1482985474
1477649888
1479585340
1492723675
1463023170
1500713547
1490000000
1470321845
1469045640
1473513688
1500000000
1500000000
1459557121
1488129065
1480000000
1500000000
1492370656
1477835537
1471458552
1475449423
1461345038
1478866876
1477881589
1474335835
1460000000
1485682732
1470000000
1492046437
1480177007
1490614440
1499482016
1478746242
1480000000
1478712082
1496448343
1490362472
1489849725
1500000000
1460930456
1477001501
1470175078
1490000000
1490000000
1476155209
1485407761
1490000000
1480291907
1484442653
1485407761
1469759842
1477406067
1495894691
1498313404
1499158928
1460734245
1480000000
1485000415
1488194755
1480000000
1486429271
1498920465
1480000000
1488990600
1480000000
1500000000
1497265599
1490000000
1468432363
1500000000
1494075358
1470000000
1490000000
1490000000
1492893373
1477884036
1489763690
1480000000
1494454067
1480000000
1500000000
1496494341
1460000000
1489764341
1490309612
1500394488
1474478207
1482346388
1500000000
1478397784
1460000000
1457463709
1476632156
1492753410
1487265259
1476398684
1483707814
1471793713
1479145339
1473427218
1472858021
1496029806
1463416058
1480218006
1500000000
1461704264
1495529061
1498612799
1498515443
1478059476
1498449161
1480508361
1459514246
1462662640
1470000000
1470000000
1485459417
1480000000
1491234897
1490000000
1457060100
1472183669
1463271529
1495475680
1488380255
1498792589
1470000000
1468519322
1480250721
1500000000
1492790421
1500000000
1460000000
1496921229
1496705825
1500000000
1460000000
1461416195
1485325813
1480440291
1492710113
1483767046
1480000000
1488551570
1499933271
1500519627
1470000000
1490286311
1479651282
1492692381
1497523685
1491835406
1490000000
1490000000
1460000000
1455568999
1494303642
1464445405
1495578040
1458825122
1482847675
1495640470
1496321279
1494010445
1464629923
1464629923
1479229825
1496297155
1481294103
1465328728
1500000000
1488629787
1500394433
1499052039
1488644620
1493477742
1480521056
1490443540
1480000000
1494857550
1498592207
1490658215
1485991042
1480000000
1460000000
1477447469
1493872345
1480925984
1480000000
1486408083
1470000000
1500000000
1495209607
1500000000
1495792582
1480000000
1499549127
1500000000
1500645292
1478085505
1491957964
1480000000
1486654890
1486382101
1486348248
1486795970
1494747142
1500000000
1484600537
1490000000
1488145495
1485844796
1466179757
1458130659
1490000000
1486330689
1490000000
1488382077
1479561913
1492811073
1497361536
1470000000
1460000000
1497663358
1493991395
1472755819
1497108309
1500485073
1480275569
1500343203
1483545678
1480000000
1500000000
1490386591
1482501152
1500000000
1490000000
1492510199
1496723661
1471801872
1486572470
1474220658
1480000000
1472741602
1474118337
1493009444
1461953521
1498496695
1472504945
1496517845
1500000000
1482333978
1462451462
1487871512
1458793578
1478651082
1475773061
1496326414
1460000000
1494024083
1491408530
1460735031
1480000000
1479995603
1491927025
1492432161
1499437736
1457514829
1490447378
1498508273
1480576755
1479182738
1491155857
1500000000
1485583478
1486017849
1498466926
1480000000
1497059845
1497950349
1499615073
1465139264
1498329560
1477148584
1470000000
1491408665
1479600399
1496835279
1499364432
1479758813
1500000000
1471433298
1476633733
1463584777
1495915140
1480220639
1464091897
1485323305
1484562745
1470000000
1460000000
1500000000
1497281719
1476644395
1483453226
1480421344
1490000000
1500000000
1494558548
1474241058
1470000000
1469818271
1491300289
1500494815
1491670940
1482261233
1480000000
1495481063
1480000000
1488731698
1471879104
1490000000
1489954764
1474122194
1490000000
1485469473
1500000000
1484818880
1480000000
1487056233
1478682940
1476709768
1477770243
1481969624
1500000000
1478615344
1480000000
1478799061
1477884260
1480000000
1482848106
1483333756
1500000000
1485755497
1466116770
1495840435
1485226646
1485311639
1492523027
1479133815
1496656559
1489622458
1500627500
1460000000
1456409485
1491533982
1490000000
1470276930
1492102745
1488163270
1479127634
1485890956
1491675951
1488163270
1478714566
1490000000
1476757489
1500000000
1460531515
1478714566
1495101301
1469738505
1490000000
1499696347
1464960398
1500298555
1480002434
1476205651
1460531515
1484342112
1498414384
1455958323
1493153664
1492488937
1468335395
1480000000
1487383142
1485384997
1500015124
1478346800
1479657659
1489031442
1500000000
1478792638
1492363458
1490000000
1490000000
1486342151
1494453994
1492178806
1488324894
1493590275
1500000000
1465520790
1494453994
1497443120
1500000000
1490826418
1467683934
1490027561
1467145744
1474646492
1479077238
1463241761
1480000000
1480000000
1479077238
1489953318
1473091437
1469489202
1460407910
1450000000
1454981744
1480000000
1483546012
1460000000
1461248725
1487867415
1483714541
1491570316
1461679000
1490034828
1497820917
1490000000
1500000000
1465618855
1470590576
1490777583
1470000000
1470698777
1480000000
1471831725
1485542623
1475976824
1490000000
1480000000
1497750892
1497750892
1500000000
1494631490
1499773179
1496691389
1490000000
1476766090
1500755511
1483730688
1499970082
1493145112
1477060761
1480000000
1460603533
1484276827
1495892386
1480787482
1478658082
1494261582
1460000000
1475725434
1488373705
1488765023
1457928048
1475990415
1479105585
1500000000
1488221545
1490924777
1489509186
1477149916
1496206063
1480000000
1482005749
1500000000
1477941506
1493150073
1500397771
1477941506
1490000000
1473298713
1472147866
1480000000
1491589780
1482841251
1490000000
1470000000
1469896210
1464962847
1490000000
1480000000
1480000000
1477381598
1500000000
1477073842
1487292050
1488524378
1459871477
1490000000
1490000000
1500000000
1477404879
1478186315
1472488133
1478367371
1497731015
1490553594
1499687344
1493177558
1496443165
1471928913
1488828236
1476640058
1496807992
1495443682
1480000000
1499446929
1487870434
1496849166
1477586512
1483380617
1496807992
1496849166
1478187666
1484765676
1461204870
1479237834
1494488572
1490000000
1476041490
1478797448
1490000000
1498293158
1479178447
1485305141
1460000000
1455186975
1490000000
1490000000
1500000000
1500000000
1486932114
1475789247
1458425397
1470000000
1460211733
1466557362
1491357932
1490000000
1497537217
1461529100
1484170703
1495450557
1498899325
1500000000
1476855818
1491540272
1460278657
1498527035
1471135300
1470000000
1477172446
1500000000
1477803320
1494426802
1476337795
1500349753
1498819089
1490385502
1499041662
1480000000
1474549012
1460000000
1493147196
1465823999
1495747024
1472579191
1468120664
1480000000
1480000000
1491764939
1469448380
1490000000
1463228661
1487980141
1489363601
1485645354
1500344239
1476623651
1470000000
1471834217
1478445043
1478107001
1479478882
1500000000
1466108473
1470189168
1460000000
1473588318
1471661714
1477970410
1478640867
1500000000
1480000000
1500000000
1490000000
1496005567
1491703054
1490000000
1490000000
1482113035
1478285232
1488672914
1487236220
1500389444
1478710685
1500000000
1479326841
1487680427
1494147983
1500389444
1480522736
1487881938
1487744250
1475882664
1500000000
1477574060
1500102854
1490553736
1460000000
1495842622
1486134579
1500453367
1466647477
1490000000
1462913555
1486762579
1476889725
1467861352
1497190405
1490000000
1481816261
1482776207
1477255126
1481950642
1460000000
1482605245
1482341589
1500050746
1493013998
1467005773
1500000000
1460000000
1480000000
1490593544
1480015252
1500000000
1477513983
1457537603
1498832549
1477782855
1461546901
1488682571
1493308125
1491590922
1480000000
1480000000
1491951320
1460000000
1491585880
1480000000
1498428796
1500000000
1492422750
1495471879
1490661743
1498265119
1492058558
1476235627
1490000000
1481352093
1488215827
1460000000
1457717903
1480000000
1483558040
1478044494
1479776616
1477262708
1488537658
1485053399
1478115051
1458138890
1480398090
1493196797
1490000000
1487460992
1489130726
1493400258
1480000000
1495566889
1465789179
1479840810
1480000000
1496311355
1493616684
1481032790
1479793180
1475701242
1462142100
1500000000
1471882699
1486365785
1460000000
1479072743
1478831465
1490000000
1486568870
1487951625
1500000000
1480000000
1466522935
1477888472
1474133286
1494446258
1469396538
1500344235
1465929354
1484707715
1460000000
1459689215
1500000000
1490000000
1460000000
1456336234
1464287195
1492109925
1490000000
1492766391
1466463807
1476797435
1487896426
1475866857
1484350298
1487543303
1483418437
1484412670
1500000000
1480000000
1495230838
1482683867
1500000000
1500000000
1482785480
1480442330
1489084044
1484170636
1478473438
1485537600
1488420657
1499208644
1490000000
1479045237
1477867130
1472570719
1493335179
1500000000
1473036103
1471375388
1490000000
1487016114
1500000000
1483654330
1488377111
1490000000
1476459322
1460000000
1500301126
1498272710
1482228805
1499343678
1488641377
1477407825
1470000000
1476177410
1487617645
1488641377
1470000000
1480000000
1467150869
1480000000
1488548790
1470000000
1493274699
1487967790
1500000000
1482597427
1490000000
1499599930
1479922936
1500000000
1500000000
1488754255
1463674673
1484841009
1469531504
1480000000
1472910124
1487001107
1470000000
1458264291
1500348428
1500000000
1475422373
1494107725
1480000000
1500000000
1500000000
1494107725
1500000000
1500000000
1483872878
1491659884
1485657582
1491574103
1482754609
1469459685
1475695137
1500000000
1480881800
1489618993
1499546960
1484943101
1489186981
1496034893
1490000000
1476214109
1480000000
1469743493
1460000000
1480000000
1500000000
1500000000
1493157431
1496019331
1479930784
1496148674
1491258043
1490000000
1473130988
1493929541
1490403714
1490000000
1460000000
1460000000
1450000000
1495950254
1500000000
1470214577
1490000000
1491770732
1490000000
1500000000
1490000000
1490000000
1480000000
1490000000
1500133563
1500000000
1498722137
1473618535
1493178140
1491639659
1482964619
1497811069
1493476028
1497776350
1477309179
1460000000
1491953513
1479114353
1493178140
1485353906
1490000000
1500000000
1492910801
1500307993
1491968572
1480000000
1490000000
1500000000
1450000000
1453900245
1494550337
1460000000
1485673007
1483813168
1485783939
1494690685
1500233680
1500556992
1485451420
1500000000
1481856237
1464190723
1490000000
1486562456
1490042435
1480000000
1498513892
1499098345
1490000000
1489290012
1490000000
1476303203
1487603594
1495588955
1478130925
1480000000
1470000000
1470000000
1488435496
1499381255
1488756734
1468811616
1490000000
1457997959
1484075925
1500000000
1486582193
1489419504
1480913910
1486777518
1500000000
1498947049
1470000000
1480000000
1478961520
1496810066
1480800212
1499694591
1477315656
1487362714
1485395882
1478472611
1478374738
1496624370
1470355127
1500000000
1480000000
1485779724
1459367610
1470000000
1480000000
1460000000
1467381522
1490814500
1480000000
1500543692
1485191380
1461984627
1450000000
1454818705
1461271219
1480889432
1465440688
1478522625
1490000000
1477520525
1496251823
1467859569
1497790690
1480000000
1480895754
1498554912
1484502852
1489698816
1478125555
1500000000
1460000000
1457475749
1480000000
1500000000
1490000000
1464370524
1472956209
1480000000
1487776103
1460000000
1480395995
1498664516
1490000000
1454874488
1495197843
1493777012
1480182054
1475133744
1490000000
1483269207
1474274962
1496414735
1496464336
1493429411
1490392921
1490000000
1489973685
1496447691
1488135011
1483670523
1491107096
1489437096
1459800951
1493609734
1490000000
1490000000
1460056544
1467307426
1476656358
1490000000
1496453708
1489445487
1488006935
1483926157
1490697420
1461274726
1490000000
1480000000
1474466083
1478724065
1485437364
1490788419
1493938568
1480000000
1482194727
1463633291
1460000000
1497196378
1490000000
1500000000
1468513947
1488949269
1470000000
1496567260
1486883225
1492955227
1470000000
1457208517
1494448192
1481059804
1495083872
1490000000
1466040797
1492109587
1486268947
1500000000
1498524990
1478802700
1469464718
1495594616
1488630063
1496783724
1498113299
1465370645
1479875216
1486930980
1460557314
1499274222
1490000000
1487265250
1480958115
1491966768
1486268947
1480037403
1499445972
1490397349
1478176521
1500000000
1490000000
1475038314
1500000000
1500000000
1460000000
1491740584
1480000000
1460000000
1469808512
1485824226
1481655441
1489588333
1490393990
1490393990
1480000000
1484545817
1463528701
1494346192
1478817930
1490000000
1470000000
1498860875
1492011044
1490000000
1480000000
1461918193
1470000000
1470000000
1480000000
1460000000
1481551980
1480318986
1500000000
1486581389
1494113372
1498710852
1477419104
1462906700
1470000000
1485539133
1479770698
1491081676
1478794413
1478879682
1495596385
1480000000
1496157398
1472838876
1494640908
1478794413
1500000000
1497095506
1499908936
1481982748
1490000000
1487141484
1491021335
1470000000
1474840792
1495596385
1459008233
1500214168
1483451043
1486856628
1497666414
1490000000
1464878665
1479054708
1476510152
1480000000
1460000000
1465147744
1481346248
1487517784
1460000000
1460954725
1480918544
1492781500
1480000000
1497754424
1474300628
1497806141
1496531931
1492303961
1477715355
1475991308
1496531931
1490000000
1480000000
1470000000
1489768742
1498445764
1480477303
1490000000
1476757300
1490000000
1500000000
1500000000
1463030287
1461437571
1490977608
1490000000
1478006311
1480144928
1493436359
1479330410
1470000000
1470295625
1498817984
1500348325
1488221777
1493770747
1486174110
1500469491
1466044669
1493950176
1499955176
1493221668
1478671333
1475726663
1492615084
1500000000
1492696427
1487212729
1488513274
1500627699
1488348265
1488826756
1472982125
1485639929
1498495765
1490490504
1490000000
1467125570
1486348453
1479167500
1491356019
1491069846
1496586731
1492204208
1499498761
1491615635
1476703029
1499697464
1481281346
1473449647
1497218196
1486447220
1487112675
1488265709
1490000000
1474936727
1496009368
1480000000
1475022341
1490622121
1486112633
1497472165
1465089062
1470000000
1490655480
1490000000
1493037811
1490000000
1488407696
1486950212
1468017026
1491927666
1500000000
1468017026
1478325375
1482667020
1500000000
1479643445
1479643445
1491420465
1485921158
1493433438
1481407668
1478212044
1486236527
1499809471
1493699056
1490000000
1489927709
1477497329
1480000000
1500000000
1481793677
1490961779
1481339164
1500559101
1478690436
1489927709
1478014868
1494167567
1483255340
1472487615
1493905128
1492211472
1487951641
1490000000
1460549936
1480000000
1474922153
1479187843
1477872147
1499040336
1486896659
1458957432
1482501047
1480000000
1474663818
1493651474
1495691290
1491576630
1490000000
1490385331
1490000000
1478375996
1492898513
1475439883
1493612052
1495310852
1480000000
1495498955
1492638667
1483125432
1478042903
1495729751
1465059959
1491339090
1487738184
1470000000
1490087761
1497308186
1460603129
1478635885
1488235569
1469619648
1473124173
1490000000
1487364770
1479333147
1500000000
1473124173
1500000000
1485719081
1463239479
1477226007
1491219228
1473747300
1494783631
1479334734
1472581895
1462234833
1479061176
1483204554
1500000000
1460733405
1480197405
1471910492
1492549698
1487038701
1480000000
1487219643
1479258288
1485369495
1465332808
1482889581
1479987499
1480795930
1490000000
1498522607
1492305818
1481861596
1489809998
1490447265
1490000000
1476855757
1487500731
1500000000
1465798403
1492196489
1488458876
1478369250
1495928407
1496751845
1478838022
1499837157
1473891261
1472258805
1466509958
1494692530
1488961350
1491263109
1496969817
1495928407
1474313994
1478703593
1490000000
1480702059
1494902946
1500000000
1465234203
1469157522
1500000000
1480622970
1494648942
1472749107
1490000000
1487943603
1482252822
1474256678
1500000000
1474084509
1495903968
1490066094
1490000000
1490000000
1480000000
1472722674
1474489991
1498173142
1474492118
1473081262
1469200472
1498920474
1461747388
1489038788
1491613610
1500000000
1478211489
1472182382
1484940226
1494642529
1499888788
1500000000
1481364318
1464798510
1478580667
1500000000
1500000000
1460000000
1492924657
1491854304
1479012185
1495912341
1500000000
1462849231
1478093201
1489321403
1489321403
1492869213
1476067737
1473027943
1490043933
1500000000
1496195155
1491336750
1480322483
1493606042
1491495890
1480577050
1493912772
1480000000
1490000000
1479053489
1487490869
1500487192
1462596767
1500077253
1496414009
1469415379
1497636588
1493472512
1495015904
1490000000
1490000000
1478103842
1492605788
1486843949
1463534346
1496258012
1493818854
1490000000
1500000000
1478103842
1483959370
1495109312
1500055722
1481062622
1492366590
1484504570
1490000000
1490000000
1485159557
1496719152
1485644189
1474263437
1496956364
1476928735
1461140226
1493604679
1500000000
1500000000
1471191579
1490237141
1470000000
1494872009
1480000000
1488481991
1472505014
1495188961
1490000000
1486100989
1479497527
1466046190
1475345335
1491520041
1483523980
1485261840
1489023174
1490922497
1493913249
1497988856
1478468226
1471535647
1489969702
1479508243
1468666781
1487716417
1482474331
1487228365
1459285468
1495104015
1500000000
1498806470
1477651166
1477704692
1484409662
1496077895
1482719840
1498526117
1485497072
1476576339
1484221128
1480000000
1480000000
1500000000
1480966645
1494918368
1489209673
1465946768
1475817843
1479941594
1492615150
1487192676
1500036732
1500000000
1463521090
1479134272
1470437581
1485683391
1480000000
1462915043
1474945521
1461904681
1493646245
1499379323
1491668206
1490690490
1484327120
1494082326
1498819951
1500000000
1478745244
1483843990
1474309846
1458065700
1497059853
1499815133
1500429769
1500000000
1459652575
1473884040
1489981222
1492698152
1470873166
1500000000
1478666443
1500000000
1500000000
1482096107
1485720236
1478313155
1483468089
1490000000
1497040348
1478663558
1490000000
1500000000
1495573454
1475891678
1486998538
1473022208
1485879476
1499789580
1500000000
1490000000
1471669136
1497583583
1469409903
1487780068
1500000000
1500000000
1500000000
1480529138
1481418804
1479360899
1465862524
1491587898
1492277782
1497565092
1500000000
1493642748
1497949831
1469743193
1482424499
1462398543
1500350279
1483587999
1487046785
1487973233
1496197364
1497949831
1478869407
1487920188
1464972602
1485547581
1479621944
1497804677
1462798161
1490000000
1490000000
1490000000
1456762646
1478597839
1490055502
1500104019
1482012720
1488197249
1480617192
1490391263
1493128540
1500000000
1490000000
1480552612
1493425827
1493642748
1483291856
1487468699
1499948332
1490000000
1500000000
1468160264
1490786186
1490000000
1500000000
1490000000
1465573781
1480433091
1492424610
1488704020
1487476906
1463666658
1498144390
1481619293
1500000000
1488704020
1497721453
1481967292
1489669907
1490934277
1485386193
1490897831
1461933398
1487033200
1488167998
1500447515
1468160264
1477406225
1476226850
1477110864
1480000000
1476289361
1480000000
1458513998
1498622113
1489261556
1500000000
1458513998
1490678032
1490000000
1473790061
1467061172
1477346900
1487039756
1488281948
1494006281
1490000000
1490000000
1463267092
1473014203
1495610434
1499778762
1480000000
1499553266
1463928037
1464502511
1500000000
1480908002
1467692530
1499004297
1500477101
1485464037
1500218573
1495794500
1484911453
1480128715
1490000000
1490000000
1484324253
1491800837
1480732736
1485415415
1490382211
1500000000
1480447198
1479618249
1497637340
1478519957
1490288039
1499520381
1500000000
1488515156
1477333134
1486737797
1475616972
1485292462
1474841627
1485316038
1461638445
1500394215
1494596074
1490000000
1490000000
1483896562
1498256295
1480069719
1498526147
1479977208
1485369262
1495603550
1492000491
1490000000
1461296362
1500000000
1490000000
1500000000
1494138584
1485768998
1476165398
1500063927
1479066815
1490455348
1490000000
1480000000
1480000000
1490926747
1468667675
1478095718
1467308055
1497284057
1490741483
1500000000
1490000000
1490000000
1490000000
1485904830
1466093545
1474425550
1479564425
1488807774
1488908425
1493871347
1478716656
1476850014
1461031392
1500000000
1490000000
1490000000
1479475493
1490000000
1500000000
1470000000
1457935091
1475003365
1490000000
1475998660
1484880100
1481678337
1490192358
1485729780
1489015829
1491934310
1480886574
1478651973
1479055175
1497658892
1494803039
1484108748
1490000000
1460000000
1458292879
1486660218
1499550562
1482764290
1475701807
1475963000
1476202296
1463882154
1484583218
1493270529
1490000000
1490000000
1475707945
1485385396
1464695745
1480000000
1490000000
1457765631
1498093532
1479749834
1479532421
1483353800
1500000000
1481134877
1486826338
1500000000
1490664871
1484048811
1496563773
1467170855
1473739247
1494673917
1483942428
1477018696
1486883954
1481302471
1478933320
1461926709
1487628188
1493929508
1475625447
1490000000
1490000000
1490000000
1477238240
1466890883
1490000000
1481509336
1476202296
1485138625
1461119839
1479763827
1490000000
1500000000
1500000000
1480000000
1487049688
1481406532
1483422312
1483119771
1494700045
1459231991
1490000000
1500000000
1480000000
1483198832
1478684509
1477877034
1469353015
1486351579
1479985668
1489376780
1500000000
1491232546
1486166964
1472094578
1460387247
1493691385
1478290159
1490000000
1480000000
1470000000
1473086226
1476761235
1468570794
1461957010
1466094329
1484771674
1490000000
1480925321
1488386009
1481070672
1478040562
1489532069
1497388637
1490000000
1490000000
1460414687
1476206200
1490386163
1490000000
1470000000
1493432021
1476206383
1500000000
1483434578
1471709381
1486674328
1500000000
1490000000
1484054715
1484054715
1478138481
1479156257
1492466279
1492489140
1487357718
1493985238
1500084619
1492952742
1490854168
1498088794
1484608819
1500000000
1490000000
1475892939
1479860421
1474103237
1459954302
1477804066
1487279620
1457289868
1490387721
1498017969
1481180245
1490385051
1493477139
1492485483
1484054715
1480000000
1488567929
1479076304
1456540845
1484447562
1490000000
1500000000
1465124876
1478718264
1500000000
1487999201
1464370907
1483473476
1485209036
1483951587
1470652493
1461055265
1474815595
1477496855
1490000000
1490000000
1480000000
1500504321
1460384448
1490000000
1490000000
1492485483
1478273827
1463335951
1487720020
1486245939
1479875508
1500000000
1500000000
1500000000
1489906966
1487362665
1487764169
1474425864
1489719049
1472697995
1492796605
1485533834
1478147996
1493582755
1500000000
1490000000
1500000000
1495885929
1463347144
1477079916
1481429291
1457338849
1488418610
1500495771
1483826329
1494277327
1494616903
1477607349
1488469250
1490000000
1490000000
1476142177
1490000000
1499988392
1500509755
1493174952
1490000000
1490000000
1477423183
1492568467
1493694560
1500000000
1500000000
1490000000
1500000000
1480000000
1500000000
1480000000
1465875470
1478365125
1485996919
1460950206
1498404772
1490000000
1500000000
1477372851
1483901785
1489141396
1470410524
1478032872
1462150853
1493680375
1500000000
1500000000
1480000000
1490000000
1490000000
1495148487
1500149927
1484521997
1490000000
1490000000
1480000000
1493480994
1499808320
1500053078
1496293815
1500000000
1480000000
1480000000
1472672859
1499206780
1492112073
1487774625
1480871240
1481728445
1500000000
1480271391
1463297433
1487276342
1490378558
1499404114
1499335233
1490716396
1500000000
1500000000
1487125121
1485785333
1493473391
1468432467
1500000000
1500000000
1490000000
1490000000
1480890546
1500044660
1498769880
1490000000
1490000000
1480000000
1481326679
1496018770
1484766322
1478684498
1457156347
1494182037
1479169931
1498430167
1490000000
1478587875
1478348964
1486415770
1490444754
1491190301
1500000000
1500000000
1500000000
1500000000
1475695159
1494374917
1478639108
1465233067
1489295011
1496575570
1487198040
1490000000
1490000000
1490000000
1490000000
1490000000
1480000000
1490758619
1495134652
1488042683
1488601020
1489162268
1490000000
1460171381
1481326679
1493988044
1487898270
1473270773
1480000000
1495405017
1488662874
1472084634
1499914042
1486522433
1491149143
1500000000
1490000000
1499415225
1494428884
1485941013
1479599893
1493017088
1490000000
1490000000
1490000000
1490000000
1490000000
1499415225
1479086554
1487050618
1475529461
1492887355
1487089240
1460512021
1474334378
1470450978
1480721269
1500000000
1490000000
1477923859
1477526938
1455766061
1458250690
1476998916
1489021864
1495602562
1480000000
1500000000
1477526938
1477375460
1486003923
1481790840
1487635493
1487046949
1490376398
1490000000
1490000000
1490000000
1500000000
1475809611
1478559566
1499877950
1490000000
1490000000
1477923859
1487031815
1479337286
1473636613
1461965055
1500000000
1500000000
1490000000
1457016624
1487099052
1495392317
1490000000
1470000000
1490000000
1479432042
1483569533
1459271459
1490390498
1476074317
1487381085
1485469380
1485286470
1500000000
1470000000
1486366637
1478828124
1479068199
1482320288
1484680286
1485510518
1490000000
1500000000
1480000000
1490000000
1490000000
1496075176
1465950714
1480547498
1484779901
1464226770
1460000000
1490000000
1490000000
1461600270
1468018546
1485482256
1467308034
1485556294
1490000000
1465950714
1496348407
1486739789
1466803551
1490000000
1490000000
1490000000
1480000000
1490000000
1468018546
1495105495
1490000000
1465336207
1476042948
1479409849
1486092532
1480000000
1466082144
1465872700
1457934328
1462506969
1488801554
1458391090
1495353947
1495105495
1494376526
1495542242
1486969158
1462300527
1469997720
1486415216
1479761676
1481127461
1477482058
1481865425
1479430352
1488510666
1473680716
1490000000
1500000000
1490000000
1496663582
1492525888
1488599182
1465782741
1487212122
1485589196
1480000000
1490000000
1465687451
1473049651
1495353947
1462301826
1479254208
1487117579
1490000000
1450000000
1480000000
1490000000
1490000000
1480392482
1496509149
1458391090
1479339676
1474232281
1477273353
1487237712
1475885769
1488747757
1473026547
1480000000
1499862045
1480000000
1454829656
1463281977
1481793490
1487214271
1483628748
1482133861
1486261364
1490000000
1480000000
1460000000
1489567616
1466467019
1476737736
1497332035
1484403045
1490481958
1461261835
1480000000
1470000000
1483741221
1496509149
1481863066
1480392482
1473799743
1463787903
1488500759
1470000000
1494982385
1496663582
1466467019
1458614686
1465872823
1477000686
1487054775
1474453364
1480603784
1480000000
1490000000
1490000000
1465919091
1490000000
1460000000
1480000000
1471160584
1465919091
1494982385
1497077543
1485741815
1461890480
1478875745
1466102671
1474992281
1461176775
1472021355
1500000000
1470000000
1495356154
1461913287
1478316713
1470000000
1480000000
1490000000
1460000000
1483579848
1456705442
1471160584
1495356154
1469405595
1489177711
1495180169
1487354440
1482843939
1487152441
1470910123
1490000000
1480000000
1487152441
1489112681
1479224533
1490681790
1490000000
1480000000
1472765286
1476077119
1492163373
1479344701
1481949915
1460000000
1480000000
1492163373
1480000000
1480000000
1490284620
1500000000
1490348876
1500000000
1480592999
1491095778
1500000000
1496588825
1498456859
1480000000
1476249595
1475460802
1487017434
1495593830
1481268459
1460000000
1460000000
1479984861
1496944363
1487017434
1473015346
1480000000
1478100077
1474736257
1476270384
1480000000
1500000000
1470000000
1480000000
1490000000
1478304577
1469280521
1478100077
1499734047
1459643464
1489623077
1485760422
1461855126
1480000000
1481918927
1477952674
1476249595
1469280521
1497314565
1496213947
1500000000
1480000000
1495043886
1474736257
1487812250
1476568186
1482013964
1496867341
1486172365
1493920894
1495336035
1500000000
1470000000
1487812250
1457960633
1465865554
1477251847
1481498605
1482723130
1483711303
1495417066
1460000000
1490000000
1476568186
1494519187
1477952674
1494756193
1490000000
1480000000
1480000000
1460000000
1490000000
1480000000
1480000000
1499129439
1471135140
1488163146
1470000000
1457960633
1486850456
1486223474
1491858269
1474305877
1487273884
1480000000
1460000000
1490000000
1480000000
1470000000
1489170021
1494519187
1481201980
1472031036
1493177036
1489875167
1480000000
1460000000
1490000000
1475271373
1471135140
1490000000
1486126734
1487178522
1500000000
1490000000
1500000000
1467341189
1491238640
1479409576
1461955529
1480000000
1500000000
1500000000
1465603424
1492136433
1488208279
1486606871
1489165383
1477726973
1460000000
1480000000
1484830280
1485867006
1476690328
1485073258
1500000000
1480000000
1490000000
1490000000
1480000000
1478460813
1485867006
1487895718
1493790695
1481741837
1462285004
1474503516
1485330807
1480696787
1490000000
1480000000
1480000000
1480000000
1472698244
1475515057
1494466972
1498024762
1477708453
1480000000
1480000000
1480000000
1480000000
1480000000
1480787046
1487453062
1464013049
1480751392
1486974631
1495659905
1476740423
1470427219
1489707491
1490000000
1480000000
1490000000
1480000000
1480787046
1481437644
1477930910
1471005943
1478612668
1479439714
1450000000
1500000000
1490000000
1490000000
1480000000
1500000000
1470000000
1460000000
1486741256
1479021333
1494021644
1496769269
1460000000
1490000000
1460000000
1480000000
1480000000
1490000000
1487446800
1461326658
1487821117
1481573937
1485390712
1468729802
1478314411
1488782299
1480000000
1480000000
1460000000
1470000000
1486022939
1465262487
1473712582
1498550428
1495234250
1477686170
1487358539
1467003510
1480000000
1480000000
1480000000
1470000000
1470000000
1474352613
1478520898
1481426610
1479790291
1495332994
1466302376
1497135083
1470000000
1460000000
1480000000
1480000000
1470000000
1480000000
1490000000
1480000000
1490000000
1484713790
1473714968
1478683701
1477335433
1490000000
1480000000
1470000000
1496947161
1477880365
1476230150
1476569899
1475016897
1480000000
1470000000
1480000000
1490000000
1477552246
1470491527
1490909150
1491572939
1485562236
1473787817
1486425753
1484526519
1489429908
1480000000
1480000000
1480000000
1470000000
1481405026
1470748549
1490358436
1484271107
1467317221
1484691821
1467405357
1480000000
1470000000
1480000000
1480000000
1470000000
1460000000
1477876289
1468699513
1484976135
1480000000
1500000000
1480000000
1470000000
1480000000
1480000000
1476284144
1481836230
1480000000
1469909862
1470329201
1490000000
1480000000
1480000000
1478000589
1469382919
1476393990
1480000000
1470000000
1480044433
1479094848
1480000000
1479971272
1476369552
1480000000
1470000000
1470834706
1455420841
1480000000
1470174125
1461791423
